1.000000
 2.000000
 3.000000
 5.000000
 8.000000
 13.000000
 21.000000
 34.000000
 55.000000
 89.000000
 144.000000
 233.000000
 377.000000
 610.000000
 987.000000
 1597.000000
 2584.000000
 4181.000000
 6765.000000
 10946.000000
 17711.000000
 28657.000000
 46368.000000
 75025.000000
 121393.000000
 196418.000000
 317811.000000
 514229.000000
 832040.000000
 1346269.000000
 2178309.000000
 3524578.000000
 5702887.000000
 9227465.000000
 14930352.000000
 24157817.000000
 39088169.000000
 63245986.000000
 102334155.000000
 165580141.000000
 267914296.000000
 433494437.000000
 701408733.000000
 1134903170.000000
 1836311903.000000
 2971215073.000000
 4807526976.000000
 7778742049.000000
 12586269025.000000
 20365011074.000000
 32951280099.000000
 53316291173.000000
 86267571272.000000
 139583862445.000000
 225851433717.000000
 365435296162.000000
 591286729879.000000
 956722026041.000000
 1548008755920.000000
 2504730781961.000000
 4052739537881.000000
 6557470319842.000000
 10610209857723.000000
 17167680177565.000000
 27777890035288.000000
 44945570212853.000000
 72723460248141.000000
 117669030460994.000000
 190392490709135.000000
 308061521170129.000000
 498454011879264.000000
 806515533049393.000000
 1304969544928657.000000
 2111485077978050.000000
 3416454622906707.000000
 5527939700884757.000000
 8944394323791464.000000
 14472334024676220.000000
 23416728348467684.000000
 37889062373143904.000000
 61305790721611584.000000
 99194853094755488.000000
 160500643816367072.000000
 259695496911122560.000000
 420196140727489664.000000
 679891637638612224.000000
 1100087778366101888.000000
 1779979416004713984.000000
 2880067194370816000.000000
 4660046610375530496.000000
 7540113804746346496.000000
 12200160415121876992.000000
 19740274219868225536.000000
 31940434634990100480.000000
 51680708854858326016.000000
 83621143489848426496.000000
 135301852344706760704.000000
 218922995834555203584.000000
