 102334155
 10610209857723
 10946
 1100087778366101888
 1134903170
 117669030460994
 121393
 12200160415121876992
 12586269025
 13
 1304969544928657
 1346269
 135301852344706760704
 139583862445
 144
 14472334024676220
 14930352
 1548008755920
 1597
 160500643816367072
 165580141
 17167680177565
 17711
 1779979416004713984
 1836311903
 190392490709135
 196418
 19740274219868225536
 2
 20365011074
 21
 2111485077978050
 2178309
 218922995834555203584
 225851433717
 233
 23416728348467684
 24157817
 2504730781961
 2584
 259695496911122560
 267914296
 27777890035288
 28657
 2880067194370816000
 2971215073
 3
 308061521170129
 317811
 31940434634990100480
 32951280099
 34
 3416454622906707
 3524578
 365435296162
 377
 37889062373143904
 39088169
 4052739537881
 4181
 420196140727489664
 433494437
 44945570212853
 46368
 4660046610375530496
 4807526976
 498454011879264
 5
 514229
 51680708854858326016
 53316291173
 55
 5527939700884757
 5702887
 591286729879
 610
 61305790721611584
 63245986
 6557470319842
 6765
 679891637638612224
 701408733
 72723460248141
 75025
 7540113804746346496
 7778742049
 8
 806515533049393
 832040
 83621143489848426496
 86267571272
 89
 8944394323791464
 9227465
 956722026041
 987
 99194853094755488
1
